# twod:
#     0    3    6    9   12   15   18   21   24   27   30   33   36   39   42   45
#     2    5    8   11   14   17   20   23   26   29   32   35   38   41   44   47
#     4    7   10   13   16   19   22   25   28   31   34   37   40   43   46   49
#     6    9   12   15   18   21   24   27   30   33   36   39   42   45   48   51
#     8   11   14   17   20   23   26   29   32   35   38   41   44   47   50   53
#    10   13   16   19   22   25   28   31   34   37   40   43   46   49   52   55
#    12   15   18   21   24   27   30   33   36   39   42   45   48   51   54   57
#    14   17   20   23   26   29   32   35   38   41   44   47   50   53   56   59
#    16   19   22   25   28   31   34   37   40   43   46   49   52   55   58   61
#    18   21   24   27   30   33   36   39   42   45   48   51   54   57   60   63
#    20   23   26   29   32   35   38   41   44   47   50   53   56   59   62   65
#    22   25   28   31   34   37   40   43   46   49   52   55   58   61   64   67
#    24   27   30   33   36   39   42   45   48   51   54   57   60   63   66   69
#    26   29   32   35   38   41   44   47   50   53   56   59   62   65   68   71
#    28   31   34   37   40   43   46   49   52   55   58   61   64   67   70   73
#    30   33   36   39   42   45   48   51   54   57   60   63   66   69   72   75
#
# Erzeugen Sie hier ein 2D Feld, mit dem Inhalt von oben. Initialisiern
# Sie Ihr Feld mit for Schleifen und kopieren Sie nicht den Text von oben
#

twod = []
temp = []
for i in range(0, 32, 2):
    for j in range(0, 48, 3):
        temp.append(j + i)
    twod.append(temp)
    temp = []

print('\ntwod:\n' + '\n'.join([''.join(['{:5}'.format(item) for item in row]) for row in twod]))

# Rotieren Sie die i-te Zeile um i Stellen nach links. Ziffern, die Links aus der Zeile
# "herausfallen" sollen rechts wieder eingefügt werden. Ihr Feld sollte danach wie folgt aussehen
#
# twod:
#     0    3    6    9   12   15   18   21   24   27   30   33   36   39   42   45
#     5    8   11   14   17   20   23   26   29   32   35   38   41   44   47    2
#    10   13   16   19   22   25   28   31   34   37   40   43   46   49    4    7
#    15   18   21   24   27   30   33   36   39   42   45   48   51    6    9   12
#    20   23   26   29   32   35   38   41   44   47   50   53    8   11   14   17
#    25   28   31   34   37   40   43   46   49   52   55   10   13   16   19   22
#    30   33   36   39   42   45   48   51   54   57   12   15   18   21   24   27
#    35   38   41   44   47   50   53   56   59   14   17   20   23   26   29   32
#    40   43   46   49   52   55   58   61   16   19   22   25   28   31   34   37
#    45   48   51   54   57   60   63   18   21   24   27   30   33   36   39   42
#    50   53   56   59   62   65   20   23   26   29   32   35   38   41   44   47
#    55   58   61   64   67   22   25   28   31   34   37   40   43   46   49   52
#    60   63   66   69   24   27   30   33   36   39   42   45   48   51   54   57
#    65   68   71   26   29   32   35   38   41   44   47   50   53   56   59   62
#    70   73   28   31   34   37   40   43   46   49   52   55   58   61   64   67
#    75   30   33   36   39   42   45   48   51   54   57   60   63   66   69   72
#

x = len(twod)
y = len(twod[0])
for i in range(x):
    temp += twod[i]
    for j in range(y):
        twod[i][j - i] = temp[j]
    temp = []

print('\ntwod:\n' + '\n'.join([''.join(['{:5}'.format(item) for item in row]) for row in twod]))

# Transponieren Sie schließlich die Matrix, d.h. vertauschen Sie
# Zeilen und Spalten. Ihr Feld sollte danach folgendermaßen aussehen
#
# twod:
#     0    5   10   15   20   25   30   35   40   45   50   55   60   65   70   75
#     3    8   13   18   23   28   33   38   43   48   53   58   63   68   73   30
#     6   11   16   21   26   31   36   41   46   51   56   61   66   71   28   33
#     9   14   19   24   29   34   39   44   49   54   59   64   69   26   31   36
#    12   17   22   27   32   37   42   47   52   57   62   67   24   29   34   39
#    15   20   25   30   35   40   45   50   55   60   65   22   27   32   37   42
#    18   23   28   33   38   43   48   53   58   63   20   25   30   35   40   45
#    21   26   31   36   41   46   51   56   61   18   23   28   33   38   43   48
#    24   29   34   39   44   49   54   59   16   21   26   31   36   41   46   51
#    27   32   37   42   47   52   57   14   19   24   29   34   39   44   49   54
#    30   35   40   45   50   55   12   17   22   27   32   37   42   47   52   57
#    33   38   43   48   53   10   15   20   25   30   35   40   45   50   55   60
#    36   41   46   51    8   13   18   23   28   33   38   43   48   53   58   63
#    39   44   49    6   11   16   21   26   31   36   41   46   51   56   61   66
#    42   47    4    9   14   19   24   29   34   39   44   49   54   59   64   69
#    45    2    7   12   17   22   27   32   37   42   47   52   57   62   67   72
#
z = []

temp += twod
twod = []
for i in range(x):
    for j in range(y):
        z.append(temp[j][i])
    twod.append(z)
    z = []

print('\ntwod:\n' + '\n'.join([''.join(['{:5}'.format(item) for item in row]) for row in twod]))